encog,BasicNetwork,java,3.1.0,1,1328736314647
[BASIC]
[BASIC:PARAMS]
[BASIC:NETWORK]
beginTraining=0
connectionLimit=0
contextTargetOffset=0,0,0
contextTargetSize=0,0,0
endTraining=2
hasContext=f
inputCount=2
layerCounts=1,3,3
layerFeedCounts=1,2,2
layerContextCount=0,0,0
layerIndex=0,1,4
output=0,0,0,1,0,0,1
outputCount=1
weightIndex=0,3,9
weights=-15.3399111115,30.9255814005,0.4381538295,3.8831494775,-2.5869387986,0.6312372355,1.4204899761,-0.9578514299,-1.1927545396
biasActivation=0,1,1
[BASIC:ACTIVATION]
"ActivationSigmoid"
"ActivationSigmoid"
"ActivationLinear"
